1.0000000000000000000000000000000000000000000000001 .25738838806818606988824261776641055962801963999514e-48 .16852221188850983417642667103654262699009299860566e-48 -.93883123864774968199812965317413955032335852821004e-46 -.20162031419396684102747062202518489022303908729379e-45 .59053491281255603432420862012284890383245814230447e-43 -.28794051429802564481651463328963768840130141834713e-42
.25738838806818606988824261776641055962801963999514e-48 .99999999999999999999999999999999999999999999999982 -.35651088591590809913273002859705410317321092176514e-49 .62725506682825710482170305540278473538504468720206e-46 .14958903574204693981634506949811834597899717508768e-45 -.46659355481641501808824462367250932393886326566368e-43 .23711362339770118582374783448349403566392059894101e-42
.16852221188850983417642667103654262699009299860566e-48 -.35651088591590809913273002859705410317321092176514e-49 1.0000000000000000000000000000000000000000000000001 -.41674477348319103928837189886082871842562691426893e-46 -.10971559360088888064340561986508622965203415326067e-45 .36576071471891546310404305102723046113686422999093e-43 -.19432281457573873262004938545920528785777285809333e-42
-.93883123864774968199812965317413955032335852821004e-46 .62725506683605397979307933631946784014936335554783e-46 -.41674477348319103928837189886082871842562691426893e-46 1.0000000000000000000000000000000000000000000000536 .60575554465078312604391535053435417214735757126985e-46 -.27892399353816426362354883164353058554080164734491e-43 .15555524845290382123482249115884614693443545267847e-42
-.20162031419396684102747062202518489022303908729379e-45 .14958903574204693981634506949811834597899717508768e-45 -.10971559360088888064340561986508622965203415326067e-45 .60575554465078312604391535053435417214735757126985e-46 .99999999999999999999999999999999999999999999988837 .21177238302095668188287496793198487088711869403893e-43 -.12335412683425344663349271599922772969259571305269e-42
.59053491281255603432420862012284890383245814230447e-43 -.46659355481623942025027125747366686085927954720829e-43 .36576071471891546310404305102723046113686422999093e-43 -.27892399353816426362354883164353058554080164734491e-43 .21177238302095668188287496793198487088711869403893e-43 .99999999999999999999999999999999999999999996792185 .10972330089160378357089293099908331353729346053392e-42
-.28794051429843347251712239690488458468001072276326e-42 .23711362339770118582374783448349403566392059894101e-42 -.19432281457573873262004938545920528785777285809333e-42 .15555524845290382123482249115884614693443545267847e-42 -.12335412683425344663349271599922772969259571305269e-42 .10972330089160378357089293099908331353729346053392e-42 .99999999999999999999999999999999999999999984563442
