1.0000000000000000000000000000000000000000000000001 .25738592346644853719690472242725764218446881833569e-48 .16851976567294410346385731626962302325018148555047e-48 -.93883120013182354588127994580204543064266676311984e-46 -.20162031526632590465787280668706506665578614770598e-45 .59053491280326478618259993179094961925615246803338e-43
.25738592346644853719690472242725764218446881833569e-48 .99999999999999999999999999999999999999999999999982 -.35650276386415257316543829205538762947739545779994e-49 .62725508418259453355499459684243100981894432635427e-46 .14958903625194911003790913228026659601195625329012e-45 -.46659355477682375260672307912078548423258168123609e-43
.16851976567294410346385731626962302325018148555047e-48 -.35650276386415257316543829205538762947739545779994e-49 1.0000000000000000000000000000000000000000000000001 -.41674476897857554846177593347704860347105374782988e-46 -.10971559400125433733637385755877720895873420364957e-45 .36576071471403019015819753105620615764125495023565e-43
-.93883120013182354588127994580204543064266676311984e-46 .62725508418259453355499459684243100981894432635427e-46 -.41674476897857554846177593347704860347105374782988e-46 1.0000000000000000000000000000000000000000000000536 .60575551804290172169678692313191882946608133005686e-46 -.27892399353429359062207011105617127692068113801756e-43
-.20162031526632590465787280668706506665578614770598e-45 .14958903625194911003790913228026659601195625329012e-45 -.10971559400125433733637385755877720895873420364957e-45 .60575551804290172169678692313191882946608133005686e-46 .99999999999999999999999999999999999999999999988837 .21177238301020655411061421496126202451476295621658e-43
.59053491280244710738314136175924226944203496318700e-43 -.46659355477682375260672307912078548423258168123609e-43 .36576071471353886067307925626066529187532778154481e-43 -.27892399353429359062207011105617127692068113801756e-43 .21177238301020655411061421496126202451476295621658e-43 .99999999999999999999999999999999999999999996792185
