.50422104116825998233653059392174150936634801221530e-1 .14534543761994419589535227578577095041750572478644 .11419860857880802468976658258364771197582972458648 -.27842188873656121963404335153240229103241425005682e-1 -.66774389333235477110605505612792407570202722515969e-1 .10432404231078960545618179631609642622448525498442e-1
.14534543761994419589535227578577095041750572478644 .43980155972691745106133858774676420691815497356849 .40045512719613976876563960692483871974718097892051 .95457192750190892347914876472810683063914436014403e-2 -.16046873626065545332607129859182676245079062998592 -.55033394528581365867301710769311597498213488237286e-2
.11419860857880802468976658258364771197582972458648 .40045512719613976876563960692483871974718097892051 .50708544110289464421891706023445405302960319112906 .26522481064996311049405813659579556716340675984599 -.29375298838818931375425232104705281574576761076488e-2 -.66340608820089189990797329068478871655260151653267e-1
-.27842188873656121963404335153240229103241425005682e-1 .95457192750190892347914876472810683063914436014403e-2 .26522481064996311049405813659579556716340675984599 .49958894397089215232977867192567730858286089536157 .35810458065526342380497144129515423311311982195455 .11816031499757445096840127342232208797688472063979e-2
-.66774389333235477110605505612792407570202722515969e-1 -.16046873626065545332607129859182676245079062998592 -.29375298838818931375425232104705281574576761076488e-2 .35810458065526342380497144129515423311311982195455 .49982965074610010426863111237334592135379104360704 .28647698438376290172097986218542218979123724614312
.10432404231078960545618179631609642622448525498442e-1 -.55033394528581365867301710769311597498213488237286e-2 -.66340608820089189990797329068478871655260151653267e-1 .11816031499757445096840127342232208797688472063979e-2 .28647698438376290172097986218542218979123724614312 .49850638123286516499102035684225228166553370721172
