.94664860507071144481227431062087221181938915008572 -.14241614680748163894127964579881731317352966645360 -.11712789939127058164383921257060134921980569393680 .30771479686118678917476965140193866347225196285501e-1 .63845098520772920156532875625838770326324388887823e-1 -.75031134186164035915455496446560053779239965272489e-2
-.14241614680748163894127964579881731317352966645360 .55726914946061999198458878226628215583786898241133 -.39752583638367721181156697693788508250320492771990 -.12475010087481646188864117634234705550373781834189e-1 .16339802707311801028014392857878039969469461538347 .25740486403955796326575410899775225054215690366355e-2
-.11712789939127058164383921257060134921980569393680 -.39752583638367721181156697693788508250320492771990 .48998526808464279882701030977859230972642059948354 -.26229551983750055353998550660884192991942549331260 .82390714193361834698932235168909135337385135409889e-5 .69269899632551746944869959055432508899528556451611e-1
.30771479686118678917476965140193866347225196285501e-1 -.12475010087481646188864117634234705550373781834189e-1 -.26229551983750055353998550660884192991942549331260 .49748176521664529071614869808736905417315430756189 -.35517528984280086685089881130820059586917827443649 -.41108939624383014637566427211768581268545333582847e-2
.63845098520772920156532875625838770326324388887823e-1 .16339802707311801028014392857878039969469461538347 .82390714193361834698932235168909135337385135409889e-5 -.35517528984280086685089881130820059586917827443649 .49724105844143733877729625763970044139931449182544 -.28354769357130034476690723219846855254729652948240
-.75031134186164035915455496446560053779239965272489e-2 .25740486403955796326575410899775225054215690366355e-2 .69269899632551746944869959055432508899528556451611e-1 -.41108939624383014637566427211768581268545333582847e-2 -.28354769357130034476690723219846855254729652948240 .49856432795467227805490701317079407871510899438048
