1.0000000000000000000000000000000000000000000000001 .25738395004810224868508684310413560672487340709614e-48 .16852023095573555347428782879182950000113808679331e-48 -.93883119632464702327269354621609271800283352342362e-46 -.20162031630150181105865100389904263977298904973681e-45 .59053491280199090044383714386050940764879655459676e-43 -.28794051429833494890379955184934879198943331469445e-42 -.39475440663379212122172932947052876600843982182521e-41
.25738395004810224868508684310413560672487340709614e-48 .99999999999999999999999999999999999999999999999982 -.35649120215327673168694110779169818962178483098351e-49 .62725506112116082620875155378945531104223980643640e-46 .14958903536110110299296611152153840136087265984529e-45 -.46659355481221396373260760130010980933701284176829e-43 .23711362339823100388580210581859903653681642635160e-42 .33469465367181354506363882937816222368186913638962e-41
.16852023095573555347428782879182950000113808679331e-48 -.35649120215327673168694110779169818962178483098351e-49 1.0000000000000000000000000000000000000000000000001 -.41674476016542037106450821790845729654666241923003e-46 -.10971559304900347492159497071706258597086862788134e-45 .36576071471855471535878134267515107298473638096646e-43 -.19432281457573626841933203605661061708372430252061e-42 -.28307761528984133178999797462095915286338334135021e-41
-.93883119632464702327269354621609271800283352342362e-46 .62725507527129865858953807066280870837077876080175e-46 -.41674476016542037106450821790845729654666241923003e-46 1.0000000000000000000000000000000000000000000000536 .60575549140716630891816052190239269011845507741002e-46 -.27892399354118864267590561106860951063689179185496e-43 .15555524845296996218956367279115790138412011589707e-42 .23471588010660883909353608034436506290205873498791e-41
-.20162031563012391740925739915133019246247098336096e-45 .14958903536110110299296611152153840136087265984529e-45 -.10971559304900347492159497071706258597086862788134e-45 .60575549140716630891816052190239269011845507741002e-46 .99999999999999999999999999999999999999999999988837 .21177238300825127379401176541696987806129447804733e-43 -.12335412683481897435743663487628921386801648627340e-42 -.19265916847694049196861662466927730451096224817574e-41
.59053491280375319745672386508691951643633356590069e-43 -.46659355481221396373260760130010980933701284176829e-43 .36576071471855471535878134267515107298473638096646e-43 -.27892399354118864267590561106860951063689179185496e-43 .21177238300825127379401176541696987806129447804733e-43 .99999999999999999999999999999999999999999996792185 .10972330089118354060635641211591885724305491021889e-42 .15633202298541007825209997767405822939092687871976e-41
-.28794051429833494890379955184934879198943331469445e-42 .23711362339823100388580210581859903653681642635160e-42 -.19432281457320373826765100242828240655485818812778e-42 .15555524845296996218956367279115790138412011589707e-42 -.12335412683294687502840865482775438740315279689913e-42 .10972330089118354060635641211591885724305491021889e-42 .99999999999999999999999999999999999999999984563442 -.12210607124031169567339322504983324048249959117464e-41
-.39475440663379212122172932947052876600843982182521e-41 .33469465367181354506363882937816222368186913638962e-41 -.28307761528984143689496594206525234122405306603716e-41 .23471588010661632100063908031490798115679416039102e-41 -.19265916847694049196861662466927730451096224817574e-41 .15633202298541007825209997767405822939092687871976e-41 -.12210607124031169567339322504983324048249959117464e-41 1.0000000000000000000000000000000000000000020961515
