1.0000000000000000000000000000000000000000000000001 .25739397805389524978758847014635568176486046471277e-48 .16851903347849605110574255328689368896329755629080e-48 -.93883118392834228837918531037157873410875353640106e-46 -.20162031503623132578124525380010328523822981509926e-45 .59053491279678162222450617831666958471367149926179e-43 -.28794051429838152025461114558807078533825290305444e-42 -.39475440663451479159372525263656725515075603306253e-41 .20241557709512908748903309981775286572324098141469e-39 .34332551618808295913605655644292552526318203827669e-39
.25739397805389524978758847014635568176486046471277e-48 .99999999999999999999999999999999999999999999999982 -.35651257978976415822535000650445743261590262541127e-49 .62725506675016100615007443364764786369737413216132e-46 .14958903533662355350977717944848905898989228055149e-45 -.46659355481704489350284376112418610273573980066366e-43 .23711362339722076722318421086665295174976824288660e-42 .33469465367164452722730749859190679096297495226553e-41 -.17537155971675913785671621625616428838621622161516e-39 -.30245108742776938727432558016379060269604742915509e-39
.16852214890709224564724149837584582688527115828006e-48 -.35651257978976415822535000650445743261590262541127e-49 1.0000000000000000000000000000000000000000000000001 -.41674476017617753729111376821538228812469314799479e-46 -.10971559276596276693513538221032319168071205927139e-45 .36576071472104380358133846782924248435843563678627e-43 -.19432281457341055806684736173492134739698803075408e-42 -.28307761528993187283697111523001930016554765663422e-41 .15182247032920328353997101223510496704147827047764e-39 .26654733910997050710891984779238117368213162689021e-39
-.93883124409014733614944116768673757607052285889508e-46 .62725506684372350580658980464784512086919815231063e-46 -.41674476017617753729111376821538228812469314799479e-46 1.0000000000000000000000000000000000000000000000536 .60575550720653705338090350248965371917344057772575e-46 -.27892399353966296457531998695926188026765654139714e-43 .15555524845308085327160141572394450935742184793891e-42 .23471588010663430643091622779523776310382634125320e-41 -.12924902571246756178290936684438260679846640032253e-39 -.23158054415076708406727222840664064225768219257204e-39
-.20162031503623132578124525380010328523822981509926e-45 .14958903662706810480278064375813250289957174989884e-45 -.10971559276596276693513538221032319168071205927139e-45 .60575550720653705338090350248965371917344057772575e-46 .99999999999999999999999999999999999999999999988837 .21177238299469097231026864812705361627232907714758e-43 -.12335412683479057252802523679493270882511547089770e-42 -.19265916847679733674897896054605312490519779673104e-41 .10899088236095114814746856935945165065475793089902e-39 .19947449400020234906490511838867574513008186613695e-39
.59053491279678162222450617831666958471367149926179e-43 -.46659355481704984699865173061141919336982441058928e-43 .36576071472104380358133846782924248435843563678627e-43 -.27892399353966296457531998695926188026765654139714e-43 .21177238299469095316117967368603457336970757542500e-43 .99999999999999999999999999999999999999999996792185 .10972330089158070522384604494199107067552230261383e-42 .15633202298535204827054922873330726575531264123353e-41 -.91324504970811279432517326166503488807820978925056e-40 -.17073155703416785337188163795254279708611881684377e-39
-.28794051429838152025461114558807078533825290305444e-42 .23711362339761949872469783034276741337959538637594e-42 -.19432281457341055806684736173492134739698803075408e-42 .15555524845308085327160141572394450935742184793891e-42 -.12335412683479057252802523679493270882511547089770e-42 .10972330089158070522384604494199107067552230261383e-42 .99999999999999999999999999999999999999999984563442 -.12210607124036108535905871768153163961108479484608e-41 .76260011150425880920090787617975614290927365183326e-40 .14559973020272140797378723088286490128008373105056e-39
-.39475440663451479159372525263656725515075603306253e-41 .33469465367187170723070393369075298829943496256528e-41 -.28307761528993187283697111523001930016554765663422e-41 .23471588010663430643091622779523776310382634125320e-41 -.19265916847679733674897896054605312490519779673104e-41 .15633202298535204827054922873330726575531264123353e-41 -.12210607124036108535905871768153163961108479484608e-41 1.0000000000000000000000000000000000000000020961515 -.64606021938276447395752160145337793338860364744545e-40 -.12319534757790113811097868212309902539821108935443e-39
.20241557709512908748903309981775286572324098141469e-39 -.17537155971676183785358493436744806258903289809996e-39 .15182247032920328353997101223510496704147827047764e-39 -.12924902571246756178290936684438260679846640032253e-39 .10899088236095114814746856935945165065475793089902e-39 -.91324504970810486082335319986206906001270795899359e-40 .76260011150425880920090787617975614290927365183326e-40 -.64606021938276447395752160145337793338860364744545e-40 1.0000000000000000000000000000000000000001067057628 .60692406362230137187829180794914962648424251936978e-40
.34332551618808455200128720427438985908958284807752e-39 -.30245108742776938727432558016379060269604742915509e-39 .26654733910997050710891984779238117368213162689021e-39 -.23158054415076708406727222840664064225768219257204e-39 .19947449400020234906490511838867574513008186613695e-39 -.17073155703416785337188163795254279708611881684377e-39 .14559973020272140797378723088286490128008373105056e-39 -.12319534757790113811097868115633920660799528654993e-39 .60692406362229917829233991138809024900345333169030e-40 .99999999999999999999999999999999999999982003986533
