.50422104116825998233653059392174150936634801221530e-1 .14534543761994419589535227578577095041750572478644 .11419860857880802468976658258364771197582972458648 -.27842188873656121963404335153240229103241425005682e-1 -.66774389333235477110605505612792407570202722515969e-1 .10432404231078960545618179631609642622448525498442e-1 .46633757506443489898224517266182932105653815770187e-1 -.52604185387216633718777136367432607836001966013336e-2 -.35785702507587134966038159649816995631806363505373e-1 .30045189912219865516251856961438910162335338775621e-2
.14534543761994419589535227578577095041750572478644 .43980155972691745106133858774676420691815497356849 .40045512719613976876563960692483871974718097892051 .95457192750190892347914876472810683063914436014403e-2 -.16046873626065545332607129859182676245079062998592 -.55033394528581365867301710769311597498213488237286e-2 .10436490206818219408592596020107777513772014835189 .36978522441301850387630455029941860306329123655062e-2 -.78001458493809423164365170839138518394958481678482e-1 -.28824322139010663233433688362694067639619124557575e-2
.11419860857880802468976658258364771197582972458648 .40045512719613976876563960692483871974718097892051 .50708544110289464421891706023445405302960319112906 .26522481064996311049405813659579556716340675984599 -.29375298838818931375425232104705281574576761076488e-2 -.66340608820089189990797329068478871655260151653267e-1 .23771682831577756588774241217718289262007450315114e-2 .31863327951771433645772153870006094961412901444343e-1 -.19191986472709793186868191924292524531794765468287e-2 -.18982601268945122290745083612545027273684445163347e-1
-.27842188873656121963404335153240229103241425005682e-1 .95457192750190892347914876472810683063914436014403e-2 .26522481064996311049405813659579556716340675984599 .49958894397089215232977867192567730858286089536157 .35810458065526342380497144129515423311311982195455 .11816031499757445096840127342232208797688472063979e-2 -.13793615554276001873876495852943176055755984484014 -.12754956923561999554163869270471392564128027157783e-2 .90189205544851359952832099746778102183892114733233e-1 .13387776961531561957682045404626165247249067482008e-2
-.66774389333235477110605505612792407570202722515969e-1 -.16046873626065545332607129859182676245079062998592 -.29375298838818931375425232104705281574576761076488e-2 .35810458065526342380497144129515423311311982195455 .49982965074610010426863111237334592135379104360704 .28647698438376290172097986218542218979123724614312 .77337339105667229433975423238517188800651190050216e-4 -.79575669333001975703019803924331872177294962758205e-1 -.70510540647968273412875395687869903779989031039514e-4 .40923770103441333098974577967810912909658108699827e-1
.10432404231078960545618179631609642622448525498442e-1 -.55033394528581365867301710769311597498213488237286e-2 -.66340608820089189990797329068478871655260151653267e-1 .11816031499757445096840127342232208797688472063979e-2 .28647698438376290172097986218542218979123724614312 .49850638123286516499102035684225228166553370721172 .34483564137631459149643672264405387876782527457672 .14741806471504641820335767504752587470125128535545e-2 -.12883972244569917231545711812181020348794252577292 -.14719422852550583114419360616259491678325923960426e-2
.46633757506443489898224517266182932105653815770187e-1 .10436490206818219408592596020107777513772014835189 .23771682831577756588774241217718289262007450315114e-2 -.13793615554276001873876495852943176055755984484014 .77337339105667229433975423238517188800651190050216e-4 .34483564137631459149643672264405387876782527457672 .50000509633859602397060977744059772300112512409943 .29557354166698081408093467861876360513844360810487 -.23778873815571907697909332864563005204576892329676e-5 -.86209003638202749113458049145180850347938856591994e-1
-.52604185387216633718777136367432607836001966013336e-2 .36978522441301850387630455029941860306329123655062e-2 .31863327951771433645772153870006094961412901444343e-1 -.12754956923561999554163869270471392564128027157783e-2 -.79575669333001975703019803924331872177294962758205e-1 .14741806471504641820335767504752587470125128535545e-2 .29557354166698081408093467861876360513844360810487 .49853627276239634025359439215488803170907341599989 .33820425737757031036914653065561872184455657080833 .14643121642635360555624174363166318418323743449603e-2
-.35785702507587134966038159649816995631806363505373e-1 -.78001458493809423164365170839138518394958481678482e-1 -.19191986472709793186868191924292524531794765468287e-2 .90189205544851359952832099746778102183892114733233e-1 -.70510540647968273412875395687869903779989031039514e-4 -.12883972244569917231545711812181020348794252577292 -.23778873815571907697909332864563005204576892329676e-5 .33820425737757031036914653065561872184455657080833 .49999983158657413839091594788992731068646006312542 .30062600032405354804139309621772691095117110879272
.30045189912219865516251856961438910162335338775621e-2 -.28824322139010663233433688362694067639619124557575e-2 -.18982601268945122290745083612545027273684445163347e-1 .13387776961531561957682045404626165247249067482008e-2 .40923770103441333098974577967810912909658108699827e-1 -.14719422852550583114419360616259491678325923960426e-2 -.86209003638202749113458049145180850347938856591994e-1 .14643121642635360555624174363166318418323743449603e-2 .30062600032405354804139309621772691095117110879272 .49853532326929096087715667153253381363014857510432
