.94664860507071144481227431062087221181938915008572 -.14241614680748163894127964579881731317352966645360 -.11712789939127058164383921257060134921980569393680 .30771479686118678917476965140193866347225196285501e-1 .63845098520772920156532875625838770326324388887823e-1 -.75031134186164035915455496446560053779239965272489e-2 -.49563048318906046852297147253136569347346576853063e-1 .81897093511842203259503436236968977077621295105132e-2 .32856411695124578011965529662863368987730529263892e-1 -.75228178759429597552555709190073253291461834041507e-4
-.14241614680748163894127964579881731317352966645360 .55726914946061999198458878226628215583786898241133 -.39752583638367721181156697693788508250320492771990 -.12475010087481646188864117634234705550373781834189e-1 .16339802707311801028014392857878039969469461538347 .25740486403955796326575410899775225054215690366355e-2 -.10143561125571963713185333021412413789441930450070 -.66271430565927419928356754899478229994215275707835e-2 .80930749306271980118437800826092147733044402730112e-1 -.46858598561490630729261150684377405292963122163585e-4
-.11712789939127058164383921257060134921980569393680 -.39752583638367721181156697693788508250320492771990 .48998526808464279882701030977859230972642059948354 -.26229551983750055353998550660884192991942549331260 .82390714193361834698932235168909135337385135409889e-5 .69269899632551746944869959055432508899528556451611e-1 -.53064590956203326129500541087254661743238255100663e-2 -.28934037139308876691699523883052457956266467030093e-1 -.10100921651915776353858107945243815945732964620256e-2 .21911892081407679244817713599498776679587241885810e-1
.30771479686118678917476965140193866347225196285501e-1 -.12475010087481646188864117634234705550373781834189e-1 -.26229551983750055353998550660884192991942549331260 .49748176521664529071614869808736905417315430756189 -.35517528984280086685089881130820059586917827443649 -.41108939624383014637566427211768581268545333582847e-2 .14086544635522257569283758851638539780535363379287 -.16537951201063569986562430599065001677584027171484e-2 -.87259914732388802998759469759824468310244823072464e-1 -.42680685086157131498408345274169938793132575098008e-2
.63845098520772920156532875625838770326324388887823e-1 .16339802707311801028014392857878039969469461538347 .82390714193361834698932235168909135337385135409889e-5 -.35517528984280086685089881130820059586917827443649 .49724105844143733877729625763970044139931449182544 -.28354769357130034476690723219846855254729652948240 -.30066281515682241835066054101921568158101586354535e-2 .82504960145464532657092433911285509272247474926453e-1 -.28587802718145886806597545912664269673600902350470e-2 -.37994479290978776144901947980857229146150982248633e-1
-.75031134186164035915455496446560053779239965272489e-2 .25740486403955796326575410899775225054215690366355e-2 .69269899632551746944869959055432508899528556451611e-1 -.41108939624383014637566427211768581268545333582847e-2 -.28354769357130034476690723219846855254729652948240 .49856432795467227805490701317079407871510899438048 -.34190635056385203454236409265710024151322099879753 -.44034714596130211361062067374295570053875481779750e-2 .13176901325816172926952974810876384092891171431167 -.14573485272074986426306939254191984541310029492348e-2
-.49563048318906046852297147253136569347346576853063e-1 -.10143561125571963713185333021412413789441930450070 -.53064590956203326129500541087254661743238255100663e-2 .14086544635522257569283758851638539780535363379287 -.30066281515682241835066054101921568158101586354535e-2 -.34190635056385203454236409265710024151322099879753 .49706561284894141907531759257244797861056296157087 -.29264425085451825712686204863180996798854696295951 -.29269129250809997633028390537586778000776068985717e-2 .89138294450665306067530679132134484414524467561662e-1
.81897093511842203259503436236968977077621295105132e-2 -.66271430565927419928356754899478229994215275707835e-2 -.28934037139308876691699523883052457956266467030093e-1 -.16537951201063569986562430599065001677584027171484e-2 .82504960145464532657092433911285509272247474926453e-1 -.44034714596130211361062067374295570053875481779750e-2 -.29264425085451825712686204863180996798854696295951 .49853443642514110279233297785806683542105701805041 -.33527496656510775341507390066866508568923882833197 -.43936029767260930096350474317055453041267003258873e-2
.32856411695124578011965529662863368987730529263892e-1 .80930749306271980118437800826092147733044402730112e-1 -.10100921651915776353858107945243815945732964620256e-2 -.87259914732388802998759469759824468310244823072464e-1 -.28587802718145886806597545912664269673600902350470e-2 .13176901325816172926952974810876384092891171431167 -.29269129250809997633028390537586778000776068985717e-2 -.33527496656510775341507390066866508568923882833197 .49707087760096330465501142211468372820688649836722 -.29769670951159099108732046623077340921394504292989
-.75228178759429597552555709190073253291461834041507e-4 -.46858598561490630729261150684377405292963122163585e-4 .21911892081407679244817713599498776679587241885810e-1 -.42680685086157131498408345274169938793132575098008e-2 -.37994479290978776144901947980857229146150982248633e-1 -.14573485272074986426306939254191984541310029492348e-2 .89138294450665306067530679132134484414524467561662e-1 -.43936029767260930096350474317055453041267003258873e-2 -.29769670951159099108732046623077340921394504292989 .49853538591824648216877069758253942227512684857623
