1.0000000000000000000000000000000000000000000000001 .25738941289435109304218044831187395810912375671984e-48 .16851842296507716875025402475336502988268584603783e-48 -.93883119377140555425588190336908079956173617029506e-46 -.20162031570776187593724805772788562970752712965514e-45 .59053491279549515587068465914938927826358419023587e-43 -.28794051429730255337112471251300963896632061050558e-42 -.39475440663389360398080632128702034430780730098045e-41 .20241557709512896124495072807324419208162309567792e-39 .34332551618808305132414209074979875948888451426255e-39 .36397615632858166236184520161929071602810730879858e-36 -.35310756823992260703585758889387521678439823463955e-35
.25738941289435109304218044831187395810912375671984e-48 .99999999999999999999999999999999999999999999999982 -.35649280276564595498650199375487603569451313162835e-49 .62725506677627793834586118262489737028958689823022e-46 .14958903974733411647276673990540940213337204916523e-45 -.46659355483061204172718992263478058854591923201383e-43 .23711362339687983093605153421968202965959643013819e-42 .33469465367168261065531863379521708197563383439611e-41 -.17537155971676219897110556756294602403520297683453e-39 -.30245108742776905999886511896014358962974451372376e-39 -.32490746365730701105524138519283669789375126884377e-36 .31860578223775569401671846535517495689255727484781e-35
.16851842296507716875025402475336502988268584603783e-48 -.35649280276564595498650199375487603569451313162835e-49 1.0000000000000000000000000000000000000000000000001 -.41674476020131276312024669904784294149537862558886e-46 -.10971559325225158138447570366882546756108387632672e-45 .36576071471856867718281456521589583409961672966420e-43 -.19432281457320511324991718966769679360808412206556e-42 -.28307761528984130936216775848347661024519969495726e-41 .15182247032920265065973300469569023045745642503132e-39 .26654733910997050701852689952088108044733202916968e-39 .29038294530366395929603557816263214697049079648123e-36 -.28798634380933819457887058565246649015623181412123e-35
-.93883121087658510098117533278659196827051374749286e-46 .62725506677627793834586118262489737028958689823022e-46 -.41674476020131276312024669904784294149537862558886e-46 1.0000000000000000000000000000000000000000000000536 .60575551825474512814596876498434128309165847935925e-46 -.27892399354365684665533336918670969895670240721279e-43 .15555524845302409692806687820113838732759568254598e-42 .23471588010652786797541740544568342407349401687176e-41 -.12924902571246693139108120427725596382648784161264e-39 -.23158054415076744884352286949450562043803659271792e-39 -.25637588492955206534710686556698838754953949744333e-36 .25757442068841498238492710178452560489694205437993e-35
-.20162031570776187593724805772788562970752712965514e-45 .14958903974733411647276673990540940213337204916523e-45 -.10971559325225158138447570366882546756108387632672e-45 .60575551825474512814596876498434128309165847935925e-46 .99999999999999999999999999999999999999999999988837 .21177238301055062295874375570096530396971899068444e-43 -.12335412683385729792214962674433924024270167252234e-42 -.19265916847691039996377920712025370405459722947414e-41 .10899088236095057326010125703379543562091878645165e-39 .19947449400020274606980799046340005387377618173185e-39 .22461908862405215918454594458569195563207563314798e-36 -.22881170291179652633170956522431394031429234572875e-35
.59053491280050218625231008620596279161414967599944e-43 -.46659355483061204172718992263478058854591923201383e-43 .36576071471856867718281456521589583409961672966420e-43 -.27892399354484850293675757732886611527323418559880e-43 .21177238301055062295874375570096530396971899068444e-43 .99999999999999999999999999999999999999999996792185 .10972330089249324683320763237565037452532844249433e-42 .15633202298531965982469305467602543250393490095619e-41 -.91324504970811389100467377107929856252931899144150e-40 -.17073155703416763510230186363402539759548150962326e-39 -.19559224895593577656918561858810900575492118767443e-36 .20209955993355758217857487699962731628625649232210e-35
-.28794051429730255337112471251300963896632061050558e-42 .23711362339687983093605153421968202965959643013819e-42 -.19432281457320511324991718966769679360808412206556e-42 .15555524845302409437343289821089214178335557490579e-42 -.12335412683628380311389365984352504099570670354400e-42 .10972330089249324683320763237565037452532844249433e-42 .99999999999999999999999999999999999999999984563442 -.12210607124035822387357944954298727439627625348200e-41 .76260011150425756949316678742820201007789569325138e-40 .14559973020272222233656467827474814619019625881638e-39 .16960128543532012672650059382456639601965873288579e-36 -.17774595971498428986949308793042382004380761678405e-35
-.39475440663389360398080632128702034430780730098045e-41 .33469465367168261065531863379521708197563383439611e-41 -.28307761528984130936216775848347661024519969495726e-41 .23471588010652786797541740544568342407349401687176e-41 -.19265916847691039996377920712025370405459722947414e-41 .15633202298531965982469305467602543250393490095619e-41 -.12210607124035822387357944954298727439627625348200e-41 1.0000000000000000000000000000000000000000020961515 -.64606021938274777566106231341960311413688146313243e-40 -.12319534757790109914282293233318030864872240448070e-39 -.14671110573837976977231183637186127126587451825596e-36 .15588447376344340232083578509710351077053758313690e-35
.20241557709512896124495072807324419208162309567792e-39 -.17537155971676219897110556756294602403520297683453e-39 .15182247032920265065973300469569023045745642503132e-39 -.12924902571246693139108120427725596382648784161264e-39 .10899088236095009280922158828089831537924726212647e-39 -.91324504970811308507031139149262549499567478761875e-40 .76260011150425756949316678742820201007789569325138e-40 -.64606021938274777566108960129729845391220615912963e-40 1.0000000000000000000000000000000000000001067057628 .60692406362230137187829182335312406419792225144202e-40 .12684137757997252971973185534718307065820456279293e-36 -.13650688806452265808282115716079420025164257722679e-35
.34332551618808305132414209074979875948888451426255e-39 -.30245108742776905999886511896014358962974451372376e-39 .26654733910997050701852689952088108044733202916968e-39 -.23158054415076744884352286949450562043803659271792e-39 .19947449400020274606980799046340005387377618173185e-39 -.17073155703416763510230186363402539759548150962326e-39 .14559973020272222233656467827474814619019625881638e-39 -.12319534757790109914282293233318030864872240448070e-39 .60692406362230356546424368212419575322812852671918e-40 .99999999999999999999999999999999999999982003986533 -.10957177774437123286221094110625059826140171788393e-36 .11947976615860545427514044279484486759826832778430e-35
.36397615632858166236184520161929071602810730879858e-36 -.32490746365730701105524138519283669789375126884377e-36 .29038294530366395893299519957651398302812190178481e-36 -.25637588492955206534711367759338989582028846738230e-36 .22461908862405215921928942328466601859942118768522e-36 -.19559224895593577656918561858810900575492118767443e-36 .16960128543532012672650059382456639601965873288579e-36 -.14671110573837976977231183637186127126587451825596e-36 .12684137757997252971973185534718307065820456279293e-36 -.10957177774437123286221094110625059826140171788393e-36 1.0000000000000000000000000000000000001899109881855 -.11289019823438119658726397844192131081349453324664e-35
-.35310756823992260703585758889387521678439823463955e-35 .31860578223775569401671846535517495689255727484781e-35 -.28798634380933819453539321599662286763505693080043e-35 .25757442068841498238492710178452560489694205437993e-35 -.22881170291179652622652545539250902054870416493343e-35 .20209955993355758217857487699962731628625649232210e-35 -.17774595971498428986949308793042382004380761678405e-35 .15588447376344340232031798949378708594486406637098e-35 -.13650688806452265808282115716079420025164257722679e-35 .11947976615860545434380003518839806465347421507459e-35 -.11289019823438119658726397844192131081349453324664e-35 1.0000000000000000000000000000000000018354567799481
