1.0000000000000000000000000000000000000000000000001 .25738664763756456495211504313095202047818907129734e-48 .16852271980316780618598451507442004719026913026371e-48 -.93883119459432732267084620134161514745282073992044e-46 -.20162031477842983223627256277611101655355754619488e-45 .59053491280375319745672386508691951643633356590069e-43 -.28794051429802951423704344659376732426634361170378e-42 -.39475440663398570802929725603423114802006986820801e-41 .20241557709512866508084682994202630881953172383298e-39
.25738664763756456495211504313095202047818907129734e-48 .99999999999999999999999999999999999999999999999982 -.35649641847894099073317282061952525348259306790345e-49 .62725506678636189664217450594380751911810570929075e-46 .14958903197011538427467703480169736639801426723883e-45 -.46659355481842715953930350496169788070968017540692e-43 .23711362339759934538613340877605643685795709907526e-42 .33469465367142389248813348969487717857891124302746e-41 -.17537155971676087126425860502027773137646121335589e-39
.16852271980316780618598451507442004719026913026371e-48 -.35649641847894099073317282061952525348259306790345e-49 1.0000000000000000000000000000000000000000000000001 -.41674476019178534160078682113025816695780529503535e-46 -.10971559405818452560838271735108808992752520511523e-45 .36576071472103715518877697313130799461329449111543e-43 -.19432281457776870385424860155110555032981074631051e-42 -.28307761528990831580324016980391771383024453957214e-41 .15182247032920289988705578784002385874051755110026e-39
-.93883119459432732267084620134161514745282073992044e-46 .62725506704625772902138386983324434459539465414996e-46 -.41674476019178534160078682113025816695780529503535e-46 1.0000000000000000000000000000000000000000000000536 .60575549141200603656144910598474073926424428773257e-46 -.27892399353966803960189546585812103371265447023555e-43 .15555524845357475239034392326661015379885403255259e-42 .23471588010646400312108911768417958781745460112511e-41 -.12924902571246724130619210680223877412460149111699e-39
-.20162031477842983223627256277611101655355754619488e-45 .14958903197011538427467703480169736639801426723883e-45 -.10971559405818452560838271735108808992752520511523e-45 .60575549141200603656144910598474073926424428773257e-46 .99999999999999999999999999999999999999999999988837 .21177238300447602941366642096970937899110653880077e-43 -.12335412683499391454089210211205613557748952405009e-42 -.19265916847684478120725354901127292449920399356543e-41 .10899088236095062158354643808437093178788072161169e-39
.59053491280375319745672386508691951643633356590069e-43 -.46659355481842715953930350496169788070968017540692e-43 .36576071472103715518877697313130799461329449111543e-43 -.27892399353966418317744261923613251506963650248936e-43 .21177238300447602941366642096970937899110653880077e-43 .99999999999999999999999999999999999999999996792185 .10972330089165098331587878370247701036610732813498e-42 .15633202298529847597541813692553787839076608076061e-41 -.91324504970811184045919319518500126687720656795615e-40
-.28794051429802951423704344659376732426634361170378e-42 .23711362339759934538613340877605643685795709907526e-42 -.19432281457776870385424860155110555032981074631051e-42 .15555524845357475239034392326661015379885403255259e-42 -.12335412683499391454089210211205613557748952405009e-42 .10972330089165098331587878370247701036610732813498e-42 .99999999999999999999999999999999999999999984563442 -.12210607124032421338343845905960879727154561344432e-41 .76260011150427674416392375243631591914270735489424e-40
-.39475440663411030630424855745058962093005145573190e-41 .33469465367142389248813348969487717857891124302746e-41 -.28307761528990831580324016980391771383024453957214e-41 .23471588010646400312108911768417958781745460112511e-41 -.19265916847684478120725354901127292449920399356543e-41 .15633202298529847594598357724069053586129948712850e-41 -.12210607124032421338343845905960879727154561344432e-41 1.0000000000000000000000000000000000000000020961515 -.64606021938276955988914366811917740947590401372997e-40
.20241557709512866508084682994202630881953172383298e-39 -.17537155971676219032808509897323026382728795838762e-39 .15182247032920289988705578784002385874051755110026e-39 -.12924902571246724130619210680223877412460149111699e-39 .10899088236095062158354643808437093178788072161169e-39 -.91324504970811184045919319518500126687720656795615e-40 .76260011150427674416392375243631591914270735489424e-40 -.64606021938276955988914366811917740947590401372997e-40 1.0000000000000000000000000000000000000001067057628
