1.0000000000000000000000000000000000000000000000001 .25738348991701905575701141400471476638944841869626e-48 .16852292136564666123175556888866604775430526022757e-48 -.93883117914423167870076455600621161730140144515217e-46 -.20162031479426643628140561580802022248348303203732e-45 .59053491281500673889177713769881954627492411175693e-43 -.28794051429880928632169692411053127134643931635632e-42 -.39475440663357908997625299609801146099266913451828e-41 .20241557709513021328541196423568804026028693339139e-39 .34332551618808387822398847536404408786347516973375e-39 .36397615632858166325272500224828142811045677003484e-36
.25738348991701905575701141400471476638944841869626e-48 .99999999999999999999999999999999999999999999999982 -.35649216633936804818288807647890221082485876770930e-49 .62725506196008320157973288710233412639219764054872e-46 .14958903376847851793107388125854633151703363908329e-45 -.46659355481497231543472008870976871115535801974768e-43 .23711362339737662788315415360559077067967918470244e-42 .33469465367163803255672511485799783615158612909747e-41 -.17537155971676159530818228533422692177886560830684e-39 -.30245108742776963736080236666757937151494547429448e-39 -.32490746365730701099359188057509032152114854236416e-36
.16852292136564666123175556888866604775430526022757e-48 -.35649216633936804818288807647890221082485876770930e-49 1.0000000000000000000000000000000000000000000000001 -.41674474201445173034741910421457234771103781065964e-46 -.10971559416956860703537323510747397383630380564478e-45 .36576071472854162331241159627026649914532648479243e-43 -.19432281457280707398981544629940671349996302086532e-42 -.28307761528987961089031897760747605991212059062921e-41 .15182247032920315016186407716875252453549564507923e-39 .26654733910997101435794547976715237912623073168327e-39 .29038294530366395720291201450216980041026666295575e-36
-.93883117914423167870076455600621161730140144515217e-46 .62725506196008320157973288710233412639219764054872e-46 -.41674474201445173034741910421457234771103781065964e-46 1.0000000000000000000000000000000000000000000000536 .60575549142115051113894786950580928950789735749921e-46 -.27892399353826383440249065862367962501003341636772e-43 .15555524845302408444911801578704238023437952613528e-42 .23471588010668265150887598131803288249614406243780e-41 -.12924902571246731769072688333098023228100873595976e-39 -.23158054415076733502343230840579715193885551714136e-39 -.25637588492955206484861447756584304459702017322927e-36
-.20162031479426643628140561580802022248348303203732e-45 .14958903376847851793107388125854633151703363908329e-45 -.10971559417421441337082570211324258249895900070222e-45 .60575549142115051113894786950580928950789735749921e-46 .99999999999999999999999999999999999999999999988837 .21177238300611170021882383945067487459400341580042e-43 -.12335412683460391695744741526125272255808171862564e-42 -.19265916847701504506192871776604937321194799777437e-41 .10899088236095061456319793547437443030559290864421e-39 .19947449400020380783932593739984797917391137435198e-39 .22461908862405215980157413043516581090036602538753e-36
.59053491281500673889177713769881954627492411175693e-43 -.46659355481497231543472008870976871115535801974768e-43 .36576071472690827941122786854523093129500717867139e-43 -.27892399353826383440249065862367962501003341636772e-43 .21177238300611170021882383945067487459400341580042e-43 .99999999999999999999999999999999999999999996792185 .10972330089249324690880555695770724759309908351472e-42 .15633202298529596109366342849292192951711240969939e-41 -.91324504970811197503899379722867385281216679871591e-40 -.17073155703416831245507880831629992921532936377364e-39 -.19559224895593577695018837946122102719729351309948e-36
-.28794051429846462122245097177831396008831503268999e-42 .23711362339737662788315415360559077067967918470244e-42 -.19432281457280707398981544629940671349996302086532e-42 .15555524845302408444911801578704238023437952613528e-42 -.12335412683460391695744741526125272255808171862564e-42 .10972330089249324690880555695770724759309908351472e-42 .99999999999999999999999999999999999999999984563442 -.12210607124031169567217651149235204389392701360532e-41 .76260011150426632121397724782801646462124791427972e-40 .14559973020272305667314441086124510608169400482232e-39 .16960128543532012654553404015196346201501799460803e-36
-.39475440663357908997625299609801146099266913451828e-41 .33469465367163803255672511485799783615158612909747e-41 -.28307761528987961089031897760747605991212059062921e-41 .23471588010668265150887598131803288249614406243780e-41 -.19265916847701504506192871776604937321194799777437e-41 .15633202298529596109366342849292192951711240969939e-41 -.12210607124031169567217651149235204389392701360532e-41 1.0000000000000000000000000000000000000000020961515 -.64606021938274862206210531188050203678485571151477e-40 -.12319534757790139573952351637556760312704882043364e-39 -.14671110573837976899156343030300432851876587514172e-36
.20241557709512796169265423539981769118619502943800e-39 -.17537155971676159530818228533422692177886560830684e-39 .15182247032920344238047856068108980150716736324912e-39 -.12924902571246731769072688333098023228100873595976e-39 .10899088236095061456319793547437443030559290864421e-39 -.91324504970811197503899379722867385281216679871591e-40 .76260011150426632121397724782801646462124791427972e-40 -.64606021938274862206210531188050203678485571151477e-40 1.0000000000000000000000000000000000000001067057628 .60692406362230540301542153412251444217999637571972e-40 .12684137757997252845709592219948363972934203018812e-36
.34332551618808552790742892265309853920399287996526e-39 -.30245108742776963736080236666757937151494547429448e-39 .26654733910997101435794547976715237912623073168327e-39 -.23158054415076690165655110332443088381082056015993e-39 .19947449400020380783932593739984797917391137435198e-39 -.17073155703416831245507880831629992921532936377364e-39 .14559973020272305667314441086124510608169400482232e-39 -.12319534757790139573952351637556760312704882043364e-39 .60692406362230736369013805340326798593559784144879e-40 .99999999999999999999999999999999999999982003986533 -.10957177774437123282647672220913989975734405138941e-36
.36397615632858166269968538552007475147005639659408e-36 -.32490746365730701099359188057509032152114854236416e-36 .29038294530366395720291201450216980041026666295575e-36 -.25637588492955206484861447756584304459702017322927e-36 .22461908862405215980157413043516581090036602538753e-36 -.19559224895593577695018837946122102719729351309948e-36 .16960128543532012667538392870158948512452385605523e-36 -.14671110573837976983579371064440381262999579824744e-36 .12684137757997252845709592219948363972934203018812e-36 -.10957177774437123282647672220913989975734405138941e-36 1.0000000000000000000000000000000000001899109881855
