1.0000000000000000000000000000000000000000000000001 .25739264255496027906526318257323622439281707188833e-48 .16852058656160432374584157011533488234952937729992e-48 -.93883122005090839958426836312786391276582996573088e-46 -.20162031537872942749020755655894634881400149093840e-45
.25739264255496027906526318257323622439281707188833e-48 .99999999999999999999999999999999999999999999999982 -.35647208860880190004162075261072438373376819730660e-49 .62725506126410353401731670392864556505474872610897e-46 .14958903575071327732672424242270674394143758692437e-45
.16852058656160432374584157011533488234952937729992e-48 -.35647208860880190004162075261072438373376819730660e-49 1.0000000000000000000000000000000000000000000000001 -.41674477002992251777760254332876964352193620654164e-46 -.10971559405635483955930915718773031939702994453345e-45
-.93883122005090839958426836312786391276582996573088e-46 .62725506126410353401731670392864556505474872610897e-46 -.41674477002992251777760254332876964352193620654164e-46 1.0000000000000000000000000000000000000000000000536 .60575550516668072979818589717880957551886124174203e-46
-.20162031537872942749020755655894634881400149093840e-45 .14958903575071327732672424242270674394143758692437e-45 -.10971559405635483955930915718773031939702994453345e-45 .60575550516668072979818589717880957551886124174203e-46 .99999999999999999999999999999999999999999999988837
